-10.1063523216 -6.94851059767 30.6389795582
-4.65778631054 0.735278175719 27.436269703
15.3127682393 29.8732703513 -6.71311925055
41.1601321819 61.8888935978 -37.2894705559
-30.6693931273 -28.4704655841 -13.1252264308
4.69078923297 3.61595213187 6.77682524543
18.5650717886 -7.4750795038 1.20509506432
-40.7076776155 13.8093091523 16.166129117
-27.0211766028 7.74450708151 11.1427765175
21.7273358349 51.0731135897 -28.4601678476
7.5417281837 31.7907811405 -3.40618967782
-23.2106471138 -11.5104906899 20.1848205943
12.7205112817 37.6536605792 21.3935844258
14.8215660728 47.8985235846 17.2948855954
3.84876897857 13.670675324 8.99152047282
-27.9556462586 -7.36969379057 17.9656256562
6.39885845168 53.1256842416 3.69788177485
3.17921199873 10.2039746598 37.8224057971
7.58566802089 27.0033864214 16.6162815537
-8.89022299762 42.7581082474 1.1240135184
-19.5841515914 -7.80563473977 13.4791447748
-23.0930448531 8.11291870154 8.64659263194
3.92463141082 43.9211498621 1.96529258761
-10.4961095047 20.3971989346 -24.7949702559
1.54730949817 5.18913284614 9.51242087248
-29.9507945806 1.04130477601 14.8242817154
7.2696187226 93.5985203208 2.68215658192
-21.5431576146 -9.42754211877 -5.39617625699
-49.4392634423 -10.6433058437 28.1595250027
-5.30392475601 31.9293947852 -38.0536178726
9.056094678 26.3205422569 25.3537863204
-11.584708932 -25.7229497418 8.88402879754
-31.3648080976 12.3380495072 12.2881487891
20.5127447735 46.8599966417 34.8868652353
7.76440154526 31.708271228 10.1181782699
6.01522586596 12.890876699 43.7397280629
7.47537215323 85.2648396848 3.05056191954
-58.6082417601 -31.7826661529 43.0899034772
21.4487261043 63.4453414502 21.1325835236
-29.2244054619 -16.6452707567 -22.7164026777
22.0885480059 37.8612568125 -14.6840959756
-18.6088421271 -13.3528818471 5.72372974992
6.02724405503 12.6692900972 5.86933811466
-13.3094784693 -69.718652345 8.51433824955
-21.6211294688 -5.04113564391 -12.5774001879
-51.5159278713 9.06316339833 21.9640891973
-42.6754182821 -27.8137077068 37.7490865623
-43.1460783446 -37.774945752 48.749219951
-30.9656703056 -29.1543157457 43.562708334
-46.5037816025 -44.1732392477 55.6974078491
17.5583992885 22.9025694724 -4.597980462
-18.3836875692 -2.1198198647 1.86819620315
-22.7398626086 -4.76256191704 13.2621398827
-22.0327939056 -23.9429353143 2.10943868658
23.6339331636 51.7800789297 -28.6572985679
28.8015033838 64.576836621 -43.9383367457
-2.35853879011 28.9940256701 -8.58695054982
-5.09955253161 -0.00525090251705 28.0322434272
7.2802304389 31.6394111479 7.89301645897
-29.9900490216 5.72686036642 13.2945418545
-27.5418870989 -7.89864443593 -31.3958392157
1.66540358443 11.1781292051 12.7879758389
2.9757325553 58.9090855252 2.17137754679
-27.0126154451 -18.9787729255 29.9251472347
-18.5406912364 -2.44211886372 4.23800133699
-16.0844355611 -54.3419046812 7.71037726997
4.70777037778 36.6099836294 1.1929242846
-17.2867313029 -32.2433033554 6.96612670386
6.88568062657 22.9467637429 21.9877673455
-19.7905608615 1.74695775737 -18.3914961293
4.84676591951 44.0931041195 2.56983010208
-32.4898382166 -23.5442966918 -23.8915909393
12.7261061502 19.969227085 -0.776314391986
-22.405553502 3.2778288571 9.31261325188
-21.0921050072 2.55832122567 -26.3743533271
18.4082457342 55.0273841692 20.3831203897
-3.57352361889 -5.82263392434 54.4023053253
-49.474348839 -22.1764614666 34.4777181826
-18.911722176 -18.6476206848 5.48645937975
21.8697276137 68.8301745538 18.7903551423
-17.6045135271 52.3728357091 3.1172884075
16.5023943139 43.1143564356 -19.5677751731
-5.27879601238 50.7470849326 1.0372880749
-10.8256511369 -20.3839039101 9.43049596964
-1.08631255385 34.8028974835 -30.6228241388
13.3223010765 40.8160140068 -17.3987813001
6.72389548176 29.4709941077 3.05104280414
-18.8493945683 -12.7323656508 5.20717334241
-18.8929504313 -9.20085414027 4.61679302356
3.75806104382 11.3094614384 37.4757221313
-2.95040304601 28.5382692929 -7.7209181364
8.41417824701 49.1627446536 5.63115367382
-4.22997786565 30.6166691501 -2.81550371898
-11.0795264446 -37.3634359441 8.53754747057
3.94395148162 -13.7839503128 7.0483050291
4.69634276209 18.5259272782 20.6943018162
11.5695356005 9.40974505197 2.17777621334
-12.9525954633 12.9835216601 -8.55202019688
39.3934782262 40.4053489251 -21.7013136324
-24.0901538187 12.8543811963 8.39356266731
